name: snape
channels:
  - pytorch
  - menpo
  - conda-forge
  - defaults
dependencies:
  - autopep8=1.6.0=pyhd8ed1ab_1
  - bzip2=1.0.8=h8ffe710_4
  - ca-certificates=2021.10.8=h5b45459_0
  - intel-openmp=2021.4.0=h57928b3_3556
  - libblas=3.9.0=12_win64_mkl
  - libcblas=3.9.0=12_win64_mkl
  - libffi=3.4.2=h8ffe710_5
  - liblapack=3.9.0=12_win64_mkl
  - libzlib=1.2.11=h8ffe710_1013
  - mkl=2021.4.0=h0e2418a_729
  - numpy=1.21.4=py310h5ebf175_0
  - openssl=3.0.0=h8ffe710_2
  - pip=21.3.1=pyhd8ed1ab_0
  - pycodestyle=2.8.0=pyhd8ed1ab_0
  - python=3.10.0=hcf16a7b_3_cpython
  - python_abi=3.10=2_cp310
  - setuptools=59.4.0=py310h5588dad_0
  - sqlite=3.37.0=h8ffe710_0
  - tbb=2021.4.0=h2d74725_1
  - tk=8.6.11=h8ffe710_1
  - toml=0.10.2=pyhd8ed1ab_0
  - tzdata=2021e=he74cb21_0
  - ucrt=10.0.20348.0=h57928b3_0
  - vc=14.2=hb210afc_5
  - vs2015_runtime=14.29.30037=h902a5da_5
  - wheel=0.37.0=pyhd8ed1ab_1
  - xz=5.2.5=h62dcd97_1
  - pip:
      - cloudpickle==2.0.0
      - gym==0.21.0
